B_30.00_0276-o.fits  1827.880  1427.068  15.943  0.004  B  61153.0048196991  1
B_30.00_0276-o.fits  626.236  2446.516  15.654  0.003  B  61153.0048196991  2
B_30.00_0361-o.fits  1847.290  1427.271  15.940  0.003  B  61153.0379562965  3
B_30.00_0361-o.fits  645.183  2445.889  15.648  0.003  B  61153.0379562965  4
B_30.00_0224-o.fits  1816.853  1424.550  15.944  0.004  B  61152.9849418402  5
B_30.00_0224-o.fits  615.652  2444.366  15.650  0.003  B  61152.9849418402  6
B_30.00_0177-o.fits  1807.844  1419.993  15.941  0.003  B  61152.9671196989  7
B_30.00_0177-o.fits  606.979  2440.286  15.650  0.003  B  61152.9671196989  8
B_30.00_0319-o.fits  1838.528  1427.184  15.944  0.004  B  61153.021558044  9
B_30.00_0319-o.fits  636.495  2446.284  15.653  0.003  B  61153.021558044  10
B_30.00_0025-o.fits  1788.496  1398.633  15.976  0.004  B  61152.9101750692  11
B_30.00_0025-o.fits  588.891  2420.677  15.683  0.003  B  61152.9101750692  12
B_30.00_0419-o.fits  1863.448  1424.166  15.941  0.003  B  61153.0651933332  13
B_30.00_0419-o.fits  660.631  2442.286  15.660  0.003  B  61153.0651933332  14
B_30.00_0086-o.fits  1794.523  1406.792  15.951  0.004  B  61152.9329490508  15
B_30.00_0086-o.fits  594.379  2428.261  15.655  0.003  B  61152.9329490508  16
B_30.00_0242-o.fits  1820.916  1425.579  15.937  0.003  B  61152.991752014  17
B_30.00_0242-o.fits  619.519  2445.253  15.644  0.003  B  61152.991752014  18
B_30.00_0472-o.fits  1873.565  1419.697  15.934  0.003  B  61153.0952928937  19
B_30.00_0472-o.fits  670.429  2437.072  15.657  0.003  B  61153.0952928937  20
B_30.00_0407-o.fits  1860.366  1425.136  15.943  0.004  B  61153.0584252547  21
B_30.00_0407-o.fits  657.804  2443.417  15.656  0.003  B  61153.0584252547  22
B_30.00_0441-o.fits  1868.377  1421.803  15.969  0.004  B  61153.077761956  23
B_30.00_0441-o.fits  665.304  2439.927  15.687  0.003  B  61153.077761956  24
B_30.00_0145-o.fits  1802.049  1416.605  15.959  0.004  B  61152.9549947917  25
B_30.00_0145-o.fits  601.316  2437.370  15.668  0.003  B  61152.9549947917  26
B_30.00_0124-o.fits  1799.232  1412.680  15.962  0.004  B  61152.9472845253  27
B_30.00_0124-o.fits  598.805  2433.572  15.662  0.003  B  61152.9472845253  28
B_30.00_0479-o.fits  1875.547  1418.113  15.945  0.004  B  61153.099265567  29
B_30.00_0479-o.fits  672.195  2435.780  15.666  0.003  B  61153.099265567  30
B_30.00_0183-o.fits  1808.809  1420.073  15.940  0.003  B  61152.9693226158  31
B_30.00_0183-o.fits  607.850  2440.419  15.645  0.003  B  61152.9693226158  32
B_30.00_0481-o.fits  1875.805  1418.130  15.947  0.004  B  61153.100404676  33
B_30.00_0481-o.fits  672.592  2435.375  15.671  0.003  B  61153.100404676  34
B_30.00_0271-o.fits  1827.509  1426.358  15.953  0.004  B  61153.0029845601  35
B_30.00_0271-o.fits  625.952  2445.744  15.665  0.003  B  61153.0029845601  36
B_30.00_0412-o.fits  1862.012  1425.008  15.943  0.004  B  61153.061251794  37
B_30.00_0412-o.fits  659.294  2443.240  15.654  0.003  B  61153.061251794  38
B_30.00_0201-o.fits  1812.883  1421.920  15.945  0.004  B  61152.9763150695  39
B_30.00_0201-o.fits  611.856  2442.047  15.652  0.003  B  61152.9763150695  40
B_30.00_0385-o.fits  1853.899  1425.808  15.966  0.004  B  61153.0471524885  41
B_30.00_0385-o.fits  651.559  2444.393  15.674  0.003  B  61153.0471524885  42
B_30.00_0460-o.fits  1871.186  1420.836  15.940  0.003  B  61153.088529977  43
B_30.00_0460-o.fits  668.197  2438.521  15.656  0.003  B  61153.088529977  44
B_30.00_0039-o.fits  1789.791  1400.910  15.974  0.004  B  61152.9153089351  45
B_30.00_0039-o.fits  590.069  2422.866  15.681  0.003  B  61152.9153089351  46
B_30.00_0103-o.fits  1796.842  1409.985  15.946  0.004  B  61152.9393830788  47
B_30.00_0103-o.fits  596.505  2431.257  15.658  0.003  B  61152.9393830788  48
B_30.00_0484-o.fits  1822.747  1425.455  25.936  4.425  B  61153.1020992245  49
B_30.00_0484-o.fits  672.375  2436.156  15.664  0.003  B  61153.1020992245  50
B_30.00_0043-o.fits  1790.154  1401.209  15.988  0.004  B  61152.9167749537  51
B_30.00_0043-o.fits  590.370  2422.961  15.693  0.003  B  61152.9167749537  52
B_30.00_0360-o.fits  1847.513  1427.061  15.937  0.003  B  61153.0374007639  53
B_30.00_0360-o.fits  645.329  2445.766  15.651  0.003  B  61153.0374007639  54
B_30.00_0012-o.fits  1787.986  1397.065  15.992  0.004  B  61152.9054110069  55
B_30.00_0012-o.fits  588.599  2419.117  15.700  0.003  B  61152.9054110069  56
B_30.00_0234-o.fits  1819.626  1424.437  15.937  0.003  B  61152.9888174655  57
B_30.00_0234-o.fits  618.227  2444.412  15.647  0.003  B  61152.9888174655  58
B_30.00_0149-o.fits  1803.066  1416.505  15.950  0.004  B  61152.9566577547  59
B_30.00_0149-o.fits  602.300  2437.201  15.657  0.003  B  61152.9566577547  60
B_30.00_0188-o.fits  1810.230  1421.063  15.949  0.004  B  61152.9713506945  61
B_30.00_0188-o.fits  609.302  2441.339  15.651  0.003  B  61152.9713506945  62
B_30.00_0318-o.fits  1837.523  1428.750  15.944  0.004  B  61153.0209917245  63
B_30.00_0318-o.fits  635.510  2447.867  15.661  0.003  B  61153.0209917245  64
B_30.00_0257-o.fits  1823.081  1425.567  15.939  0.003  B  61152.9976636688  65
B_30.00_0257-o.fits  621.550  2445.120  15.647  0.003  B  61152.9976636688  66
B_30.00_0356-o.fits  1847.285  1426.703  15.939  0.003  B  61153.0359286456  67
B_30.00_0356-o.fits  645.188  2445.491  15.648  0.003  B  61153.0359286456  68
B_30.00_0387-o.fits  1854.307  1426.934  15.938  0.003  B  61153.0480896295  69
B_30.00_0387-o.fits  651.942  2445.402  15.647  0.003  B  61153.0480896295  70
B_30.00_0156-o.fits  1803.868  1416.837  15.946  0.004  B  61152.9592251736  71
B_30.00_0156-o.fits  603.243  2437.364  15.645  0.003  B  61152.9592251736  72
B_30.00_0123-o.fits  1798.947  1412.276  15.952  0.004  B  61152.9467151738  73
B_30.00_0123-o.fits  598.452  2433.078  15.658  0.003  B  61152.9467151738  74
B_30.00_0252-o.fits  1822.785  1425.986  15.931  0.003  B  61152.9956241436  75
B_30.00_0252-o.fits  621.268  2445.687  15.640  0.003  B  61152.9956241436  76
B_30.00_0205-o.fits  1813.796  1422.757  15.942  0.004  B  61152.9777806713  77
B_30.00_0205-o.fits  612.722  2442.737  15.655  0.003  B  61152.9777806713  78
B_30.00_0109-o.fits  1797.560  1409.844  15.964  0.004  B  61152.9415819095  79
B_30.00_0109-o.fits  597.161  2431.083  15.662  0.003  B  61152.9415819095  80
B_30.00_0398-o.fits  1857.338  1426.189  15.938  0.003  B  61153.0533353821  81
B_30.00_0398-o.fits  655.026  2444.528  15.653  0.003  B  61153.0533353821  82
B_30.00_0239-o.fits  1820.508  1425.803  15.949  0.004  B  61152.9906530441  83
B_30.00_0239-o.fits  619.105  2445.667  15.663  0.003  B  61152.9906530441  84
B_30.00_0164-o.fits  1805.493  1418.434  15.942  0.003  B  61152.962159514  85
B_30.00_0164-o.fits  604.520  2438.878  15.652  0.003  B  61152.962159514  86
B_30.00_0047-o.fits  1790.032  1402.229  15.975  0.004  B  61152.918244109  87
B_30.00_0047-o.fits  590.312  2423.982  15.685  0.003  B  61152.918244109  88
B_30.00_0140-o.fits  1800.927  1415.298  15.949  0.004  B  61152.9531609952  89
B_30.00_0140-o.fits  600.235  2436.225  15.652  0.003  B  61152.9531609952  90
B_30.00_0023-o.fits  1788.706  1398.544  15.978  0.004  B  61152.9094421645  91
B_30.00_0023-o.fits  589.190  2420.525  15.684  0.003  B  61152.9094421645  92
B_30.00_0315-o.fits  1837.441  1427.655  15.939  0.003  B  61153.0198929398  93
B_30.00_0315-o.fits  635.585  2446.648  15.646  0.003  B  61153.0198929398  94
B_30.00_0034-o.fits  1788.929  1400.226  15.979  0.004  B  61152.9134775116  95
B_30.00_0034-o.fits  589.417  2421.974  15.683  0.003  B  61152.9134775116  96
B_30.00_0291-o.fits  1832.049  1427.196  15.948  0.004  B  61153.0105183101  97
B_30.00_0291-o.fits  630.390  2446.395  15.656  0.003  B  61153.0105183101  98
B_30.00_0028-o.fits  1788.898  1399.460  15.987  0.004  B  61152.9112743172  99
B_30.00_0028-o.fits  589.109  2421.256  15.694  0.003  B  61152.9112743172  100
B_30.00_0476-o.fits  1874.442  1419.599  15.944  0.004  B  61153.0975711574  101
B_30.00_0476-o.fits  671.137  2436.970  15.662  0.003  B  61153.0975711574  102
B_30.00_0189-o.fits  1810.620  1421.195  15.940  0.003  B  61152.9717194908  103
B_30.00_0189-o.fits  609.624  2441.396  15.655  0.003  B  61152.9717194908  104
B_30.00_0006-o.fits  1786.949  1395.887  16.001  0.004  B  61152.9032097571  105
B_30.00_0006-o.fits  587.591  2417.975  15.709  0.003  B  61152.9032097571  106
B_30.00_0297-o.fits  1833.746  1426.704  15.942  0.003  B  61153.0129210535  107
B_30.00_0297-o.fits  631.874  2446.152  15.654  0.003  B  61153.0129210535  108
B_30.00_0341-o.fits  1843.047  1426.833  15.946  0.004  B  61153.030021389  109
B_30.00_0341-o.fits  640.953  2445.831  15.659  0.003  B  61153.030021389  110
B_30.00_0390-o.fits  1854.715  1425.231  15.943  0.004  B  61153.0491907638  111
B_30.00_0390-o.fits  652.277  2443.806  15.661  0.003  B  61153.0491907638  112
B_30.00_0000-o.fits  1787.266  1394.588  15.986  0.004  B  61152.9010081599  113
B_30.00_0000-o.fits  587.864  2416.739  15.692  0.003  B  61152.9010081599  114
B_30.00_0268-o.fits  1825.401  1426.860  15.947  0.004  B  61153.0016946993  115
B_30.00_0268-o.fits  623.858  2446.396  15.653  0.003  B  61153.0016946993  116
B_30.00_0097-o.fits  1795.520  1409.209  15.950  0.004  B  61152.9369902662  117
B_30.00_0097-o.fits  595.322  2430.423  15.658  0.003  B  61152.9369902662  118
B_30.00_0290-o.fits  1831.913  1426.908  15.942  0.003  B  61153.0101517709  119
B_30.00_0290-o.fits  630.006  2446.335  15.654  0.003  B  61153.0101517709  120
B_30.00_0333-o.fits  1841.151  1428.007  15.953  0.004  B  61153.0268835649  121
B_30.00_0333-o.fits  639.115  2446.865  15.656  0.003  B  61153.0268835649  122
B_30.00_0215-o.fits  1815.331  1423.758  15.944  0.004  B  61152.9816381829  123
B_30.00_0215-o.fits  614.246  2443.751  15.650  0.003  B  61152.9816381829  124
B_30.00_0263-o.fits  1825.223  1426.740  15.930  0.003  B  61152.9998596064  125
B_30.00_0263-o.fits  623.770  2446.181  15.641  0.003  B  61152.9998596064  126
B_30.00_0468-o.fits  1873.706  1420.033  15.943  0.004  B  61153.09304919  127
B_30.00_0468-o.fits  670.444  2437.546  15.663  0.003  B  61153.09304919  128
B_30.00_0152-o.fits  1803.459  1416.707  15.940  0.003  B  61152.9577580672  129
B_30.00_0152-o.fits  602.734  2437.419  15.650  0.003  B  61152.9577580672  130
B_30.00_0415-o.fits  1862.757  1424.863  15.975  0.004  B  61153.0629479862  131
B_30.00_0415-o.fits  660.102  2443.075  15.690  0.003  B  61153.0629479862  132
B_30.00_0200-o.fits  1812.559  1422.214  15.941  0.003  B  61152.9759448264  133
B_30.00_0200-o.fits  611.464  2442.416  15.649  0.003  B  61152.9759448264  134
B_30.00_0099-o.fits  1796.016  1409.544  15.947  0.004  B  61152.9377243402  135
B_30.00_0099-o.fits  595.901  2430.544  15.658  0.003  B  61152.9377243402  136
B_30.00_0059-o.fits  1791.699  1404.187  15.971  0.004  B  61152.9228488076  137
B_30.00_0059-o.fits  591.807  2425.691  15.675  0.003  B  61152.9228488076  138
B_30.00_0015-o.fits  1788.622  1397.176  16.004  0.004  B  61152.9065098609  139
B_30.00_0015-o.fits  589.276  2419.252  15.708  0.003  B  61152.9065098609  140
B_30.00_0474-o.fits  1873.129  1419.615  15.947  0.004  B  61153.0964307752  141
B_30.00_0474-o.fits  669.881  2436.960  15.664  0.003  B  61153.0964307752  142
B_30.00_0157-o.fits  1804.112  1417.136  15.938  0.003  B  61152.9595916318  143
B_30.00_0157-o.fits  603.456  2437.692  15.633  0.003  B  61152.9595916318  144
B_30.00_0062-o.fits  1790.994  1404.198  15.959  0.004  B  61152.9239474535  145
B_30.00_0062-o.fits  591.123  2425.740  15.665  0.003  B  61152.9239474535  146
B_30.00_0430-o.fits  1865.967  1424.299  15.945  0.004  B  61153.0715536689  147
B_30.00_0430-o.fits  663.203  2442.332  15.659  0.003  B  61153.0715536689  148
B_30.00_0029-o.fits  1788.405  1399.480  15.987  0.004  B  61152.911640903  149
B_30.00_0029-o.fits  588.731  2421.503  15.689  0.003  B  61152.911640903  150
B_30.00_0294-o.fits  1833.529  1426.781  15.953  0.004  B  61153.0118220025  151
B_30.00_0294-o.fits  631.576  2446.330  15.664  0.003  B  61153.0118220025  152
B_30.00_0447-o.fits  1869.373  1421.209  15.957  0.004  B  61153.0811743517  153
B_30.00_0447-o.fits  666.238  2439.311  15.669  0.003  B  61153.0811743517  154
B_30.00_0020-o.fits  1788.823  1397.401  15.983  0.004  B  61152.9083414585  155
B_30.00_0020-o.fits  589.437  2419.289  15.682  0.003  B  61152.9083414585  156
B_30.00_0414-o.fits  1862.722  1425.198  15.952  0.004  B  61153.0623885416  157
B_30.00_0414-o.fits  660.068  2443.433  15.665  0.003  B  61153.0623885416  158
B_30.00_0033-o.fits  1788.817  1399.976  15.978  0.004  B  61152.9131098613  159
B_30.00_0033-o.fits  589.273  2421.740  15.686  0.003  B  61152.9131098613  160
B_30.00_0378-o.fits  1852.178  1426.082  15.937  0.003  B  61153.0445880322  161
B_30.00_0378-o.fits  649.829  2444.726  15.652  0.003  B  61153.0445880322  162
B_30.00_0381-o.fits  1852.584  1426.773  15.936  0.003  B  61153.0456874766  163
B_30.00_0381-o.fits  650.183  2445.457  15.655  0.003  B  61153.0456874766  164
B_30.00_0132-o.fits  1799.548  1414.342  15.957  0.004  B  61152.9502240857  165
B_30.00_0132-o.fits  598.867  2435.168  15.655  0.003  B  61152.9502240857  166
B_30.00_0275-o.fits  1827.439  1427.298  15.933  0.003  B  61153.0044511803  167
B_30.00_0275-o.fits  625.846  2446.655  15.647  0.003  B  61153.0044511803  168
B_30.00_0248-o.fits  1821.400  1425.104  15.948  0.004  B  61152.9941583332  169
B_30.00_0248-o.fits  619.862  2444.921  15.653  0.003  B  61152.9941583332  170
B_30.00_0402-o.fits  1858.627  1425.708  15.941  0.004  B  61153.0555909723  171
B_30.00_0402-o.fits  656.295  2443.914  15.655  0.003  B  61153.0555909723  172
B_30.00_0170-o.fits  1806.533  1419.525  15.948  0.004  B  61152.9645515163  173
B_30.00_0170-o.fits  605.821  2439.949  15.655  0.003  B  61152.9645515163  174
B_30.00_0195-o.fits  1811.383  1421.063  15.943  0.003  B  61152.9739222801  175
B_30.00_0195-o.fits  610.319  2441.265  15.647  0.003  B  61152.9739222801  176
B_30.00_0375-o.fits  1851.144  1426.479  15.939  0.003  B  61153.0432955092  177
B_30.00_0375-o.fits  648.784  2445.077  15.656  0.003  B  61153.0432955092  178
B_30.00_0410-o.fits  1861.221  1424.991  15.940  0.003  B  61153.0601251619  179
B_30.00_0410-o.fits  658.526  2443.433  15.650  0.003  B  61153.0601251619  180
B_30.00_0044-o.fits  1790.460  1401.385  15.973  0.004  B  61152.9171433449  181
B_30.00_0044-o.fits  590.540  2423.129  15.679  0.003  B  61152.9171433449  182
B_30.00_0019-o.fits  1788.149  1398.075  15.983  0.004  B  61152.9079760881  183
B_30.00_0019-o.fits  588.968  2420.033  15.681  0.003  B  61152.9079760881  184
B_30.00_0098-o.fits  1795.721  1409.355  15.951  0.004  B  61152.9373570601  185
B_30.00_0098-o.fits  595.623  2430.368  15.658  0.003  B  61152.9373570601  186
B_30.00_0334-o.fits  1841.476  1427.293  15.957  0.004  B  61153.0274485648  187
B_30.00_0334-o.fits  639.415  2446.167  15.669  0.003  B  61153.0274485648  188
B_30.00_0090-o.fits  1795.190  1407.851  15.961  0.004  B  61152.9344231714  189
B_30.00_0090-o.fits  595.062  2429.019  15.667  0.003  B  61152.9344231714  190
B_30.00_0155-o.fits  1803.915  1417.001  15.945  0.004  B  61152.9588580094  191
B_30.00_0155-o.fits  603.163  2437.627  15.652  0.003  B  61152.9588580094  192
B_30.00_0461-o.fits  1870.866  1420.792  15.941  0.003  B  61153.0890880558  193
B_30.00_0461-o.fits  667.672  2438.608  15.661  0.003  B  61153.0890880558  194
B_30.00_0372-o.fits  1850.090  1426.706  15.946  0.004  B  61153.0421962733  195
B_30.00_0372-o.fits  647.708  2445.427  15.660  0.003  B  61153.0421962733  196
B_30.00_0115-o.fits  1797.965  1411.533  15.953  0.004  B  61152.9437810881  197
B_30.00_0115-o.fits  597.690  2432.320  15.660  0.003  B  61152.9437810881  198
B_30.00_0153-o.fits  1804.144  1416.631  15.945  0.004  B  61152.958124653  199
B_30.00_0153-o.fits  603.472  2437.223  15.648  0.003  B  61152.958124653  200
B_30.00_0435-o.fits  1867.579  1423.186  15.953  0.004  B  61153.0743696992  201
B_30.00_0435-o.fits  664.676  2441.076  15.670  0.003  B  61153.0743696992  202
B_30.00_0380-o.fits  1852.344  1426.471  15.943  0.004  B  61153.0453207525  203
B_30.00_0380-o.fits  650.010  2444.871  15.656  0.003  B  61153.0453207525  204
B_30.00_0208-o.fits  1814.050  1423.646  15.942  0.004  B  61152.9788824539  205
B_30.00_0208-o.fits  613.036  2443.604  15.648  0.003  B  61152.9788824539  206
B_30.00_0232-o.fits  1819.445  1423.928  15.945  0.004  B  61152.9880822455  207
B_30.00_0232-o.fits  618.153  2443.778  15.652  0.003  B  61152.9880822455  208
B_30.00_0130-o.fits  1799.764  1413.890  15.942  0.003  B  61152.9494914813  209
B_30.00_0130-o.fits  599.391  2434.688  15.658  0.003  B  61152.9494914813  210
B_30.00_0327-o.fits  1839.239  1426.560  15.959  0.004  B  61153.024685822  211
B_30.00_0327-o.fits  637.195  2445.573  15.672  0.003  B  61153.024685822  212
B_30.00_0065-o.fits  1791.782  1405.728  15.958  0.004  B  61152.9250473031  213
B_30.00_0065-o.fits  591.898  2427.259  15.669  0.003  B  61152.9250473031  214
B_30.00_0079-o.fits  1793.578  1405.805  15.963  0.004  B  61152.9301826735  215
B_30.00_0079-o.fits  593.619  2427.305  15.662  0.003  B  61152.9301826735  216
B_30.00_0445-o.fits  1869.015  1421.579  15.951  0.004  B  61153.0800358215  217
B_30.00_0445-o.fits  665.862  2439.318  15.669  0.003  B  61153.0800358215  218
B_30.00_0238-o.fits  1820.858  1425.364  15.948  0.004  B  61152.9902853933  219
B_30.00_0238-o.fits  619.442  2445.131  15.658  0.003  B  61152.9902853933  220
B_30.00_0204-o.fits  1813.690  1422.458  15.948  0.004  B  61152.9774149191  221
B_30.00_0204-o.fits  612.562  2442.554  15.650  0.003  B  61152.9774149191  222
B_30.00_0184-o.fits  1808.920  1420.572  15.955  0.004  B  61152.9696893864  223
B_30.00_0184-o.fits  607.981  2440.957  15.656  0.003  B  61152.9696893864  224
B_30.00_0403-o.fits  1859.384  1426.209  15.940  0.004  B  61153.0561602199  225
B_30.00_0403-o.fits  656.836  2444.679  15.659  0.003  B  61153.0561602199  226
B_30.00_0027-o.fits  1789.164  1398.557  15.983  0.004  B  61152.9109081714  227
B_30.00_0027-o.fits  589.468  2420.524  15.693  0.003  B  61152.9109081714  228
B_30.00_0213-o.fits  1815.043  1423.832  15.967  0.004  B  61152.9807160185  229
B_30.00_0213-o.fits  613.813  2444.013  15.677  0.003  B  61152.9807160185  230
B_30.00_0413-o.fits  1862.443  1424.944  15.941  0.003  B  61153.0618199306  231
B_30.00_0413-o.fits  659.924  2443.032  15.663  0.003  B  61153.0618199306  232
B_30.00_0095-o.fits  1795.640  1408.914  15.952  0.004  B  61152.9362568171  233
B_30.00_0095-o.fits  595.349  2430.020  15.654  0.003  B  61152.9362568171  234
B_30.00_0306-o.fits  1835.797  1427.584  15.952  0.004  B  61153.0164143401  235
B_30.00_0306-o.fits  634.124  2446.654  15.666  0.003  B  61153.0164143401  236
B_30.00_0056-o.fits  1791.410  1402.786  15.969  0.004  B  61152.9217489003  237
B_30.00_0056-o.fits  591.701  2424.375  15.680  0.003  B  61152.9217489003  238
B_30.00_0218-o.fits  1816.208  1424.146  15.947  0.004  B  61152.982740486  239
B_30.00_0218-o.fits  614.998  2444.186  15.651  0.003  B  61152.982740486  240
B_30.00_0133-o.fits  1799.871  1414.891  15.957  0.004  B  61152.9505911805  241
B_30.00_0133-o.fits  599.219  2435.796  15.658  0.003  B  61152.9505911805  242
B_30.00_0351-o.fits  1844.639  1426.175  15.963  0.004  B  61153.033893588  243
B_30.00_0351-o.fits  642.487  2445.089  15.673  0.003  B  61153.033893588  244
B_30.00_0038-o.fits  1789.733  1400.802  15.973  0.004  B  61152.9149421989  245
B_30.00_0038-o.fits  589.960  2422.742  15.684  0.003  B  61152.9149421989  246
B_30.00_0229-o.fits  1817.792  1423.963  15.940  0.004  B  61152.9867770835  247
B_30.00_0229-o.fits  616.514  2443.892  15.648  0.003  B  61152.9867770835  248
B_30.00_0431-o.fits  1865.906  1423.448  15.946  0.004  B  61153.0721137268  249
B_30.00_0431-o.fits  663.064  2441.679  15.662  0.003  B  61153.0721137268  250
B_30.00_0477-o.fits  1874.021  1418.787  15.941  0.003  B  61153.0981394793  251
B_30.00_0477-o.fits  670.769  2436.173  15.659  0.003  B  61153.0981394793  252
B_30.00_0312-o.fits  1836.939  1428.543  15.951  0.004  B  61153.0187928937  253
B_30.00_0312-o.fits  635.122  2447.618  15.663  0.003  B  61153.0187928937  254
B_30.00_0287-o.fits  1831.156  1427.777  15.943  0.004  B  61153.0090527199  255
B_30.00_0287-o.fits  629.472  2447.039  15.654  0.003  B  61153.0090527199  256
B_30.00_0399-o.fits  1857.588  1425.700  15.938  0.003  B  61153.0539050233  257
B_30.00_0399-o.fits  655.042  2444.309  15.656  0.003  B  61153.0539050233  258
B_30.00_0251-o.fits  1822.808  1426.458  15.935  0.003  B  61152.9952571411  259
B_30.00_0251-o.fits  621.188  2446.162  15.646  0.003  B  61152.9952571411  260
B_30.00_0336-o.fits  1841.934  1428.606  15.962  0.004  B  61153.0281874654  261
B_30.00_0336-o.fits  639.848  2447.559  15.669  0.003  B  61153.0281874654  262
B_30.00_0202-o.fits  1813.069  1422.096  15.943  0.004  B  61152.9766815277  263
B_30.00_0202-o.fits  611.977  2442.209  15.650  0.003  B  61152.9766815277  264
B_30.00_0269-o.fits  1826.326  1426.385  15.942  0.003  B  61153.0022487151  265
B_30.00_0269-o.fits  624.727  2445.624  15.650  0.003  B  61153.0022487151  266
B_30.00_0371-o.fits  1850.120  1427.544  15.942  0.003  B  61153.0418315395  267
B_30.00_0371-o.fits  647.899  2446.147  15.649  0.003  B  61153.0418315395  268
B_30.00_0108-o.fits  1797.474  1410.057  15.954  0.004  B  61152.9412151389  269
B_30.00_0108-o.fits  597.030  2431.292  15.658  0.003  B  61152.9412151389  270
B_30.00_0279-o.fits  1828.915  1427.500  15.948  0.004  B  61153.0059157521  271
B_30.00_0279-o.fits  627.190  2446.957  15.661  0.003  B  61153.0059157521  272
B_30.00_0328-o.fits  1839.738  1425.979  15.949  0.004  B  61153.0250523263  273
B_30.00_0328-o.fits  637.741  2445.065  15.666  0.003  B  61153.0250523263  274
B_30.00_0261-o.fits  1824.590  1425.956  15.928  0.003  B  61152.999129456  275
B_30.00_0261-o.fits  623.008  2445.609  15.637  0.003  B  61152.999129456  276
B_30.00_0074-o.fits  1793.731  1405.827  15.958  0.004  B  61152.9283488193  277
B_30.00_0074-o.fits  593.692  2427.246  15.663  0.003  B  61152.9283488193  278
B_30.00_0423-o.fits  1864.358  1424.599  15.954  0.004  B  61153.0675745951  279
B_30.00_0423-o.fits  661.756  2442.674  15.675  0.003  B  61153.0675745951  280
B_30.00_0001-o.fits  1787.306  1394.797  15.994  0.004  B  61152.9013752197  281
B_30.00_0001-o.fits  588.126  2416.847  15.699  0.003  B  61152.9013752197  282
B_30.00_0112-o.fits  1797.359  1410.250  15.948  0.004  B  61152.9426813773  283
B_30.00_0112-o.fits  597.047  2431.215  15.655  0.003  B  61152.9426813773  284
B_30.00_0475-o.fits  1873.590  1418.966  15.952  0.004  B  61153.0970021295  285
B_30.00_0475-o.fits  670.201  2436.606  15.671  0.003  B  61153.0970021295  286
B_30.00_0075-o.fits  1793.044  1406.022  15.957  0.004  B  61152.9287143401  287
B_30.00_0075-o.fits  593.276  2427.472  15.665  0.003  B  61152.9287143401  288
B_30.00_0045-o.fits  1790.012  1402.159  15.970  0.004  B  61152.9175105789  289
B_30.00_0045-o.fits  590.395  2423.825  15.673  0.003  B  61152.9175105789  290
B_30.00_0305-o.fits  1836.044  1427.956  15.961  0.004  B  61153.0160467941  291
B_30.00_0305-o.fits  634.027  2447.342  15.671  0.003  B  61153.0160467941  292
B_30.00_0073-o.fits  1793.031  1405.464  15.958  0.004  B  61152.9279823033  293
B_30.00_0073-o.fits  593.053  2426.916  15.665  0.003  B  61152.9279823033  294
B_30.00_0250-o.fits  1822.707  1426.158  15.935  0.003  B  61152.9948909492  295
B_30.00_0250-o.fits  621.249  2445.805  15.644  0.003  B  61152.9948909492  296
B_30.00_0282-o.fits  1830.292  1427.804  15.942  0.003  B  61153.0072197453  297
B_30.00_0282-o.fits  628.574  2447.229  15.653  0.003  B  61153.0072197453  298
B_30.00_0041-o.fits  1789.893  1400.968  15.970  0.004  B  61152.9160426157  299
B_30.00_0041-o.fits  590.422  2422.706  15.681  0.003  B  61152.9160426157  300
B_30.00_0321-o.fits  1838.980  1427.091  15.945  0.004  B  61153.022294919  301
B_30.00_0321-o.fits  636.869  2446.121  15.657  0.003  B  61153.022294919  302
B_30.00_0005-o.fits  1787.259  1395.445  15.998  0.004  B  61152.9028434493  303
B_30.00_0005-o.fits  587.701  2417.743  15.705  0.003  B  61152.9028434493  304
B_30.00_0422-o.fits  1863.228  1424.298  15.968  0.004  B  61153.0670053819  305
B_30.00_0422-o.fits  660.485  2442.704  15.677  0.003  B  61153.0670053819  306
B_30.00_0424-o.fits  1864.651  1424.633  15.962  0.004  B  61153.0681432523  307
B_30.00_0424-o.fits  661.473  2443.188  15.675  0.003  B  61153.0681432523  308
B_30.00_0329-o.fits  1839.956  1426.297  15.952  0.004  B  61153.0254204399  309
B_30.00_0329-o.fits  638.088  2445.120  15.665  0.003  B  61153.0254204399  310
B_30.00_0016-o.fits  1789.049  1397.155  15.984  0.004  B  61152.9068764234  311
B_30.00_0016-o.fits  589.688  2419.094  15.690  0.003  B  61152.9068764234  312
B_30.00_0421-o.fits  1863.792  1423.937  15.955  0.004  B  61153.0664359373  313
B_30.00_0421-o.fits  661.212  2441.844  15.668  0.003  B  61153.0664359373  314
B_30.00_0061-o.fits  1791.235  1404.572  15.962  0.004  B  61152.9235810647  315
B_30.00_0061-o.fits  591.298  2426.212  15.670  0.003  B  61152.9235810647  316
B_30.00_0346-o.fits  1843.556  1425.589  15.946  0.004  B  61153.0320586688  317
B_30.00_0346-o.fits  641.492  2444.385  15.664  0.003  B  61153.0320586688  318
B_30.00_0159-o.fits  1804.342  1417.260  15.956  0.004  B  61152.9603265044  319
B_30.00_0159-o.fits  603.490  2437.869  15.655  0.003  B  61152.9603265044  320
B_30.00_0392-o.fits  1855.809  1425.777  15.946  0.004  B  61153.0499230209  321
B_30.00_0392-o.fits  653.360  2444.276  15.661  0.003  B  61153.0499230209  322
B_30.00_0088-o.fits  1794.496  1406.739  15.976  0.004  B  61152.9336876734  323
B_30.00_0088-o.fits  594.443  2427.927  15.685  0.003  B  61152.9336876734  324
B_30.00_0396-o.fits  1856.750  1425.688  15.940  0.003  B  61153.0522066434  325
B_30.00_0396-o.fits  654.289  2444.271  15.654  0.003  B  61153.0522066434  326
B_30.00_0096-o.fits  1795.774  1408.793  15.953  0.004  B  61152.9366233796  327
B_30.00_0096-o.fits  595.596  2429.929  15.656  0.003  B  61152.9366233796  328
B_30.00_0231-o.fits  1819.050  1424.117  15.942  0.004  B  61152.987715648  329
B_30.00_0231-o.fits  617.722  2443.905  15.652  0.003  B  61152.987715648  330
B_30.00_0049-o.fits  1790.153  1402.557  15.974  0.004  B  61152.9191785301  331
B_30.00_0049-o.fits  590.380  2424.355  15.676  0.003  B  61152.9191785301  332
B_30.00_0478-o.fits  1875.341  1418.257  15.941  0.003  B  61153.0986970947  333
B_30.00_0478-o.fits  672.136  2435.637  15.660  0.003  B  61153.0986970947  334
B_30.00_0406-o.fits  1859.792  1424.730  15.941  0.003  B  61153.0578666781  335
B_30.00_0406-o.fits  657.219  2443.010  15.654  0.003  B  61153.0578666781  336
B_30.00_0417-o.fits  1862.744  1423.479  15.953  0.004  B  61153.064065787  337
B_30.00_0417-o.fits  660.003  2441.635  15.665  0.003  B  61153.064065787  338
B_30.00_0226-o.fits  1816.815  1424.845  15.937  0.003  B  61152.985676609  339
B_30.00_0226-o.fits  615.578  2444.800  15.650  0.003  B  61152.985676609  340
B_30.00_0365-o.fits  1847.795  1426.088  15.948  0.004  B  61153.0394276273  341
B_30.00_0365-o.fits  645.404  2444.893  15.662  0.003  B  61153.0394276273  342
B_30.00_0395-o.fits  1856.131  1425.399  15.942  0.004  B  61153.0516270488  343
B_30.00_0395-o.fits  653.630  2443.917  15.663  0.003  B  61153.0516270488  344
B_30.00_0030-o.fits  1788.383  1399.307  16.000  0.004  B  61152.9120076736  345
B_30.00_0030-o.fits  588.756  2421.146  15.700  0.003  B  61152.9120076736  346
B_30.00_0259-o.fits  1824.434  1426.017  15.938  0.003  B  61152.9983969792  347
B_30.00_0259-o.fits  622.805  2445.607  15.643  0.003  B  61152.9983969792  348
B_30.00_0379-o.fits  1852.078  1426.353  15.937  0.003  B  61153.044953947  349
B_30.00_0379-o.fits  649.871  2444.797  15.656  0.003  B  61153.044953947  350
B_30.00_0364-o.fits  1847.650  1426.835  15.962  0.004  B  61153.0390606364  351
B_30.00_0364-o.fits  645.338  2445.645  15.681  0.003  B  61153.0390606364  352
B_30.00_0485-o.fits  1875.834  1418.470  15.960  0.004  B  61153.102667199  353
B_30.00_0485-o.fits  672.469  2436.034  15.680  0.003  B  61153.102667199  354
B_30.00_0053-o.fits  1790.679  1403.021  15.976  0.004  B  61152.9206490396  355
B_30.00_0053-o.fits  590.893  2424.552  15.680  0.003  B  61152.9206490396  356
B_30.00_0367-o.fits  1848.170  1426.462  15.941  0.003  B  61153.0401609028  357
B_30.00_0367-o.fits  645.960  2445.129  15.656  0.003  B  61153.0401609028  358
B_30.00_0464-o.fits  1872.030  1420.493  15.943  0.003  B  61153.0907838079  359
B_30.00_0464-o.fits  668.983  2437.947  15.668  0.003  B  61153.0907838079  360
B_30.00_0008-o.fits  1787.065  1396.803  16.010  0.004  B  61152.9039439238  361
B_30.00_0008-o.fits  587.608  2418.650  15.723  0.003  B  61152.9039439238  362
B_30.00_0134-o.fits  1800.447  1415.096  15.957  0.004  B  61152.9509586459  363
B_30.00_0134-o.fits  600.034  2436.035  15.659  0.003  B  61152.9509586459  364
B_30.00_0331-o.fits  1840.803  1426.452  15.954  0.004  B  61153.0261524539  365
B_30.00_0331-o.fits  638.647  2445.482  15.664  0.003  B  61153.0261524539  366
B_30.00_0353-o.fits  1845.977  1428.097  15.967  0.004  B  61153.0346272569  367
B_30.00_0353-o.fits  643.759  2446.903  15.675  0.003  B  61153.0346272569  368
B_30.00_0427-o.fits  1864.610  1423.802  15.947  0.004  B  61153.0698491437  369
B_30.00_0427-o.fits  661.793  2442.125  15.661  0.003  B  61153.0698491437  370
B_30.00_0241-o.fits  1821.086  1424.955  15.940  0.003  B  61152.9913853705  371
B_30.00_0241-o.fits  619.713  2444.744  15.644  0.003  B  61152.9913853705  372
B_30.00_0135-o.fits  1801.367  1415.307  15.950  0.004  B  61152.9513260648  373
B_30.00_0135-o.fits  600.763  2436.305  15.651  0.003  B  61152.9513260648  374
B_30.00_0301-o.fits  1834.509  1427.094  15.945  0.004  B  61153.0145792477  375
B_30.00_0301-o.fits  632.739  2446.309  15.660  0.003  B  61153.0145792477  376
B_30.00_0438-o.fits  1867.537  1422.601  15.946  0.004  B  61153.0760671645  377
B_30.00_0438-o.fits  664.657  2440.635  15.661  0.003  B  61153.0760671645  378
B_30.00_0139-o.fits  1800.556  1415.658  15.949  0.004  B  61152.9527939581  379
B_30.00_0139-o.fits  600.013  2436.548  15.652  0.003  B  61152.9527939581  380
B_30.00_0335-o.fits  1841.902  1427.053  15.963  0.004  B  61153.0278195832  381
B_30.00_0335-o.fits  639.985  2445.942  15.675  0.003  B  61153.0278195832  382
B_30.00_0348-o.fits  1844.193  1425.760  15.950  0.004  B  61153.0327935414  383
B_30.00_0348-o.fits  641.791  2444.917  15.672  0.003  B  61153.0327935414  384
B_30.00_0146-o.fits  1802.734  1416.496  15.962  0.004  B  61152.9553627432  385
B_30.00_0146-o.fits  601.895  2437.281  15.659  0.003  B  61152.9553627432  386
B_30.00_0021-o.fits  1788.447  1398.211  15.981  0.004  B  61152.9087084723  387
B_30.00_0021-o.fits  588.903  2420.287  15.682  0.003  B  61152.9087084723  388
B_30.00_0451-o.fits  1869.666  1421.995  15.966  0.004  B  61153.0834285533  389
B_30.00_0451-o.fits  666.433  2439.802  15.684  0.003  B  61153.0834285533  390
B_30.00_0298-o.fits  1833.468  1426.325  15.945  0.004  B  61153.0132877314  391
B_30.00_0298-o.fits  631.649  2445.727  15.657  0.003  B  61153.0132877314  392
B_30.00_0136-o.fits  1800.811  1415.105  15.945  0.004  B  61152.9516919097  393
B_30.00_0136-o.fits  600.398  2436.023  15.643  0.003  B  61152.9516919097  394
B_30.00_0453-o.fits  1869.279  1421.662  15.956  0.004  B  61153.0845672456  395
B_30.00_0453-o.fits  666.344  2439.405  15.674  0.003  B  61153.0845672456  396
B_30.00_0161-o.fits  1805.460  1417.972  15.950  0.004  B  61152.9610588425  397
B_30.00_0161-o.fits  604.661  2438.498  15.658  0.003  B  61152.9610588425  398
B_30.00_0429-o.fits  1864.606  1423.117  15.941  0.003  B  61153.0709858448  399
B_30.00_0429-o.fits  661.746  2441.384  15.653  0.003  B  61153.0709858448  400
B_30.00_0068-o.fits  1792.324  1405.506  15.962  0.004  B  61152.9261465739  401
B_30.00_0068-o.fits  592.448  2427.010  15.664  0.003  B  61152.9261465739  402
B_30.00_0236-o.fits  1820.229  1425.292  15.947  0.004  B  61152.9895520834  403
B_30.00_0236-o.fits  618.824  2445.041  15.657  0.003  B  61152.9895520834  404
B_30.00_0211-o.fits  1814.702  1424.123  15.968  0.004  B  61152.9799824655  405
B_30.00_0211-o.fits  613.419  2444.342  15.675  0.003  B  61152.9799824655  406
B_30.00_0017-o.fits  1788.993  1397.692  15.984  0.004  B  61152.9072433566  407
B_30.00_0017-o.fits  589.532  2419.644  15.690  0.003  B  61152.9072433566  408
B_30.00_0150-o.fits  1803.511  1416.529  15.943  0.004  B  61152.9570244099  409
B_30.00_0150-o.fits  602.812  2437.127  15.650  0.003  B  61152.9570244099  410
B_30.00_0119-o.fits  1798.887  1412.224  15.952  0.004  B  61152.9452471645  411
B_30.00_0119-o.fits  598.535  2433.171  15.654  0.003  B  61152.9452471645  412
B_30.00_0343-o.fits  1842.753  1427.282  15.953  0.004  B  61153.0307544558  413
B_30.00_0343-o.fits  640.481  2446.354  15.665  0.003  B  61153.0307544558  414
B_30.00_0254-o.fits  1821.989  1426.153  15.945  0.004  B  61152.9963595835  415
B_30.00_0254-o.fits  620.580  2445.646  15.652  0.003  B  61152.9963595835  416
B_30.00_0077-o.fits  1793.185  1406.494  15.963  0.004  B  61152.9294484952  417
B_30.00_0077-o.fits  593.283  2427.905  15.664  0.003  B  61152.9294484952  418
B_30.00_0009-o.fits  1787.866  1396.984  16.020  0.004  B  61152.9043104863  419
B_30.00_0009-o.fits  588.362  2418.979  15.727  0.003  B  61152.9043104863  420
B_30.00_0199-o.fits  1812.170  1421.705  15.936  0.003  B  61152.9753905553  421
B_30.00_0199-o.fits  611.141  2441.781  15.645  0.003  B  61152.9753905553  422
B_30.00_0160-o.fits  1804.698  1418.221  15.956  0.004  B  61152.9606920835  423
B_30.00_0160-o.fits  604.029  2438.742  15.656  0.003  B  61152.9606920835  424
B_30.00_0084-o.fits  1793.972  1407.300  15.952  0.004  B  61152.9320153818  425
B_30.00_0084-o.fits  593.904  2428.707  15.659  0.003  B  61152.9320153818  426
B_30.00_0374-o.fits  1850.909  1426.808  15.941  0.003  B  61153.0429288424  427
B_30.00_0374-o.fits  648.677  2445.276  15.655  0.003  B  61153.0429288424  428
B_30.00_0165-o.fits  1805.544  1418.445  15.948  0.004  B  61152.9625264816  429
B_30.00_0165-o.fits  604.643  2438.974  15.653  0.003  B  61152.9625264816  430
B_30.00_0111-o.fits  1797.311  1410.719  15.947  0.004  B  61152.942314398  431
B_30.00_0111-o.fits  596.874  2431.749  15.650  0.003  B  61152.942314398  432
B_30.00_0389-o.fits  1854.715  1425.538  15.938  0.003  B  61153.0488241552  433
B_30.00_0389-o.fits  652.257  2444.065  15.651  0.003  B  61153.0488241552  434
B_30.00_0120-o.fits  1798.480  1412.212  15.958  0.004  B  61152.9456138774  435
B_30.00_0120-o.fits  598.002  2433.252  15.663  0.003  B  61152.9456138774  436
B_30.00_0191-o.fits  1810.750  1421.184  15.945  0.004  B  61152.9724541781  437
B_30.00_0191-o.fits  609.782  2441.382  15.653  0.003  B  61152.9724541781  438
B_30.00_0267-o.fits  1825.633  1426.917  15.934  0.003  B  61153.0013269442  439
B_30.00_0267-o.fits  624.037  2446.461  15.641  0.003  B  61153.0013269442  440
B_30.00_0285-o.fits  1830.964  1426.842  15.967  0.004  B  61153.0083199423  441
B_30.00_0285-o.fits  629.190  2446.248  15.672  0.003  B  61153.0083199423  442
B_30.00_0418-o.fits  1863.413  1423.775  15.943  0.004  B  61153.0646335301  443
B_30.00_0418-o.fits  660.601  2441.944  15.664  0.003  B  61153.0646335301  444
B_30.00_0352-o.fits  1844.654  1427.816  15.959  0.004  B  61153.0342599768  445
B_30.00_0352-o.fits  642.363  2446.719  15.670  0.003  B  61153.0342599768  446
B_30.00_0076-o.fits  1793.113  1406.188  15.959  0.004  B  61152.9290806018  447
B_30.00_0076-o.fits  593.119  2427.371  15.668  0.003  B  61152.9290806018  448
B_30.00_0440-o.fits  1867.854  1422.068  15.949  0.004  B  61153.0771944677  449
B_30.00_0440-o.fits  665.138  2439.711  15.667  0.003  B  61153.0771944677  450
B_30.00_0067-o.fits  1792.274  1405.296  15.953  0.004  B  61152.9257809836  451
B_30.00_0067-o.fits  592.312  2426.727  15.662  0.003  B  61152.9257809836  452
B_30.00_0350-o.fits  1844.157  1426.566  15.944  0.004  B  61153.0335264467  453
B_30.00_0350-o.fits  642.140  2445.425  15.652  0.003  B  61153.0335264467  454
B_30.00_0386-o.fits  1854.607  1425.924  15.942  0.004  B  61153.0477197799  455
B_30.00_0386-o.fits  652.197  2444.516  15.658  0.003  B  61153.0477197799  456
B_30.00_0454-o.fits  1869.852  1420.678  15.965  0.004  B  61153.0851261457  457
B_30.00_0454-o.fits  666.880  2438.521  15.683  0.003  B  61153.0851261457  458
B_30.00_0369-o.fits  1849.039  1427.494  15.948  0.004  B  61153.040893889  459
B_30.00_0369-o.fits  646.777  2446.201  15.663  0.003  B  61153.040893889  460
B_30.00_0198-o.fits  1811.870  1421.483  15.938  0.003  B  61152.9750231714  461
B_30.00_0198-o.fits  610.798  2441.738  15.644  0.003  B  61152.9750231714  462
B_30.00_0018-o.fits  1788.123  1397.807  15.985  0.004  B  61152.9076094562  463
B_30.00_0018-o.fits  588.927  2419.556  15.686  0.003  B  61152.9076094562  464
B_30.00_0040-o.fits  1790.087  1400.365  15.985  0.004  B  61152.9156759954  465
B_30.00_0040-o.fits  590.551  2422.079  15.689  0.003  B  61152.9156759954  466
B_30.00_0244-o.fits  1820.162  1425.801  15.960  0.004  B  61152.9926904631  467
B_30.00_0244-o.fits  618.675  2445.599  15.665  0.003  B  61152.9926904631  468
B_30.00_0173-o.fits  1807.281  1419.755  15.947  0.004  B  61152.965653264  469
B_30.00_0173-o.fits  606.340  2440.323  15.646  0.003  B  61152.965653264  470
B_30.00_0459-o.fits  1871.233  1420.970  15.949  0.004  B  61153.0879613194  471
B_30.00_0459-o.fits  668.067  2438.816  15.666  0.003  B  61153.0879613194  472
B_30.00_0296-o.fits  1833.446  1426.776  15.945  0.004  B  61153.0125557058  473
B_30.00_0296-o.fits  631.598  2446.092  15.653  0.003  B  61153.0125557058  474
B_30.00_0456-o.fits  1870.759  1421.466  15.944  0.004  B  61153.0862646876  475
B_30.00_0456-o.fits  667.657  2439.261  15.666  0.003  B  61153.0862646876  476
B_30.00_0483-o.fits  1875.183  1418.523  15.947  0.004  B  61153.1015316318  477
B_30.00_0483-o.fits  671.752  2435.934  15.664  0.003  B  61153.1015316318  478
B_30.00_0446-o.fits  1869.591  1422.165  15.948  0.004  B  61153.0806036689  479
B_30.00_0446-o.fits  666.461  2440.138  15.663  0.003  B  61153.0806036689  480
B_30.00_0185-o.fits  1809.452  1420.755  15.943  0.004  B  61152.9702430442  481
B_30.00_0185-o.fits  608.467  2441.155  15.646  0.003  B  61152.9702430442  482
B_30.00_0455-o.fits  1870.093  1422.094  15.947  0.004  B  61153.0856964351  483
B_30.00_0455-o.fits  667.027  2439.775  15.663  0.003  B  61153.0856964351  484
B_30.00_0176-o.fits  1807.480  1420.390  15.941  0.003  B  61152.9667527545  485
B_30.00_0176-o.fits  606.622  2440.720  15.653  0.003  B  61152.9667527545  486
B_30.00_0428-o.fits  1865.197  1424.097  15.948  0.004  B  61153.0704170601  487
B_30.00_0428-o.fits  662.478  2441.904  15.664  0.003  B  61153.0704170601  488
B_30.00_0180-o.fits  1808.297  1419.413  15.934  0.003  B  61152.9682209953  489
B_30.00_0180-o.fits  607.358  2439.913  15.641  0.003  B  61152.9682209953  490
B_30.00_0482-o.fits  1876.388  1416.867  15.944  0.004  B  61153.1009631134  491
B_30.00_0482-o.fits  672.922  2434.472  15.662  0.003  B  61153.1009631134  492
B_30.00_0193-o.fits  1810.847  1421.475  15.940  0.003  B  61152.9731881483  493
B_30.00_0193-o.fits  609.908  2441.592  15.649  0.003  B  61152.9731881483  494
B_30.00_0122-o.fits  1798.607  1412.167  15.947  0.004  B  61152.9463481829  495
B_30.00_0122-o.fits  598.116  2433.189  15.643  0.003  B  61152.9463481829  496
B_30.00_0255-o.fits  1823.240  1425.275  15.949  0.004  B  61152.9967269213  497
B_30.00_0255-o.fits  621.855  2444.914  15.653  0.003  B  61152.9967269213  498
B_30.00_0182-o.fits  1808.999  1419.563  15.938  0.003  B  61152.9689555904  499
B_30.00_0182-o.fits  608.044  2440.003  15.649  0.003  B  61152.9689555904  500
B_30.00_0181-o.fits  1809.059  1419.114  15.936  0.003  B  61152.9685883103  501
B_30.00_0181-o.fits  608.125  2439.537  15.646  0.003  B  61152.9685883103  502
B_30.00_0223-o.fits  1817.142  1424.050  15.944  0.004  B  61152.9845748842  503
B_30.00_0223-o.fits  615.909  2443.994  15.648  0.003  B  61152.9845748842  504
B_30.00_0080-o.fits  1793.600  1406.085  15.958  0.004  B  61152.9305489701  505
B_30.00_0080-o.fits  593.668  2427.522  15.664  0.003  B  61152.9305489701  506
B_30.00_0225-o.fits  1817.032  1424.505  15.944  0.004  B  61152.9853089815  507
B_30.00_0225-o.fits  615.822  2444.489  15.648  0.003  B  61152.9853089815  508
B_30.00_0405-o.fits  1859.619  1425.802  15.941  0.003  B  61153.057297037  509
B_30.00_0405-o.fits  657.114  2444.027  15.654  0.003  B  61153.057297037  510
B_30.00_0014-o.fits  1788.396  1396.960  15.993  0.004  B  61152.9061434837  511
B_30.00_0014-o.fits  588.877  2419.090  15.693  0.003  B  61152.9061434837  512
B_30.00_0363-o.fits  1848.581  1426.353  15.941  0.003  B  61153.0386934839  513
B_30.00_0363-o.fits  646.218  2445.159  15.655  0.003  B  61153.0386934839  514
B_30.00_0113-o.fits  1797.579  1410.970  15.946  0.004  B  61152.9430483566  515
B_30.00_0113-o.fits  597.119  2431.965  15.658  0.003  B  61152.9430483566  516
B_30.00_0307-o.fits  1836.309  1427.318  15.951  0.004  B  61153.0167806367  517
B_30.00_0307-o.fits  634.469  2446.438  15.663  0.003  B  61153.0167806367  518
B_30.00_0471-o.fits  1873.765  1419.559  15.934  0.003  B  61153.0947350347  519
B_30.00_0471-o.fits  670.422  2437.253  15.656  0.003  B  61153.0947350347  520
B_30.00_0046-o.fits  1789.761  1401.909  15.968  0.004  B  61152.9178766436  521
B_30.00_0046-o.fits  590.071  2423.635  15.672  0.003  B  61152.9178766436  522
B_30.00_0078-o.fits  1793.410  1406.860  15.956  0.004  B  61152.9298151503  523
B_30.00_0078-o.fits  593.453  2428.296  15.662  0.003  B  61152.9298151503  524
B_30.00_0443-o.fits  1868.677  1422.135  15.940  0.003  B  61153.0788977779  525
B_30.00_0443-o.fits  665.794  2440.119  15.655  0.003  B  61153.0788977779  526
B_30.00_0085-o.fits  1794.438  1407.064  15.951  0.004  B  61152.9323817939  527
B_30.00_0085-o.fits  594.133  2428.500  15.660  0.003  B  61152.9323817939  528
B_30.00_0337-o.fits  1842.043  1428.215  15.944  0.004  B  61153.028554352  529
B_30.00_0337-o.fits  639.964  2447.197  15.654  0.003  B  61153.028554352  530
B_30.00_0340-o.fits  1843.077  1427.311  15.941  0.003  B  61153.0296546989  531
B_30.00_0340-o.fits  640.890  2446.364  15.649  0.003  B  61153.0296546989  532
B_30.00_0393-o.fits  1856.070  1424.803  15.971  0.004  B  61153.050487801  533
B_30.00_0393-o.fits  653.584  2443.470  15.681  0.003  B  61153.050487801  534
B_30.00_0292-o.fits  1833.123  1427.031  15.950  0.004  B  61153.01088522  535
B_30.00_0292-o.fits  631.146  2446.508  15.659  0.003  B  61153.01088522  536
B_30.00_0332-o.fits  1841.414  1427.159  15.950  0.004  B  61153.0265179281  537
B_30.00_0332-o.fits  639.236  2446.185  15.663  0.003  B  61153.0265179281  538
B_30.00_0105-o.fits  1796.915  1410.471  15.947  0.004  B  61152.9401167822  539
B_30.00_0105-o.fits  596.791  2431.493  15.655  0.003  B  61152.9401167822  540
B_30.00_0114-o.fits  1797.580  1411.547  15.952  0.004  B  61152.9434147687  541
B_30.00_0114-o.fits  597.266  2432.548  15.660  0.003  B  61152.9434147687  542
B_30.00_0031-o.fits  1788.920  1399.303  15.995  0.004  B  61152.9123755442  543
B_30.00_0031-o.fits  589.209  2421.133  15.701  0.003  B  61152.9123755442  544
B_30.00_0304-o.fits  1835.275  1427.622  15.948  0.004  B  61153.0156805557  545
B_30.00_0304-o.fits  633.175  2447.118  15.658  0.003  B  61153.0156805557  546
B_30.00_0397-o.fits  1857.028  1426.050  15.937  0.003  B  61153.0527770948  547
B_30.00_0397-o.fits  654.621  2444.396  15.657  0.003  B  61153.0527770948  548
B_30.00_0349-o.fits  1842.944  1425.693  15.944  0.004  B  61153.0331592131  549
B_30.00_0349-o.fits  640.706  2444.577  15.655  0.003  B  61153.0331592131  550
B_30.00_0256-o.fits  1823.250  1425.660  15.941  0.003  B  61152.9972928357  551
B_30.00_0256-o.fits  621.776  2445.205  15.647  0.003  B  61152.9972928357  552
B_30.00_0087-o.fits  1794.829  1407.304  15.952  0.004  B  61152.9333199537  553
B_30.00_0087-o.fits  594.707  2428.313  15.666  0.003  B  61152.9333199537  554
B_30.00_0050-o.fits  1790.489  1402.399  15.971  0.004  B  61152.9195483797  555
B_30.00_0050-o.fits  590.722  2424.135  15.677  0.003  B  61152.9195483797  556
B_30.00_0187-o.fits  1810.177  1420.892  15.942  0.003  B  61152.9709829977  557
B_30.00_0187-o.fits  609.089  2441.368  15.651  0.003  B  61152.9709829977  558
B_30.00_0425-o.fits  1864.212  1424.421  15.950  0.004  B  61153.0687122107  559
B_30.00_0425-o.fits  661.556  2442.458  15.661  0.003  B  61153.0687122107  560
B_30.00_0404-o.fits  1858.796  1425.830  15.940  0.003  B  61153.0567281828  561
B_30.00_0404-o.fits  656.301  2444.284  15.659  0.003  B  61153.0567281828  562
B_30.00_0186-o.fits  1809.913  1420.786  15.936  0.003  B  61152.9706143173  563
B_30.00_0186-o.fits  608.822  2441.107  15.649  0.003  B  61152.9706143173  564
B_30.00_0048-o.fits  1790.551  1402.314  15.973  0.004  B  61152.9186118287  565
B_30.00_0048-o.fits  590.943  2423.974  15.675  0.003  B  61152.9186118287  566
B_30.00_0293-o.fits  1832.839  1427.021  15.951  0.004  B  61153.0114516201  567
B_30.00_0293-o.fits  630.934  2446.504  15.662  0.003  B  61153.0114516201  568
B_30.00_0457-o.fits  1870.501  1421.146  15.947  0.004  B  61153.0868239119  569
B_30.00_0457-o.fits  667.474  2438.652  15.672  0.003  B  61153.0868239119  570
B_30.00_0216-o.fits  1815.857  1423.402  15.941  0.003  B  61152.9820081252  571
B_30.00_0216-o.fits  614.654  2443.376  15.653  0.003  B  61152.9820081252  572
B_30.00_0002-o.fits  1787.599  1394.832  15.990  0.004  B  61152.9017421296  573
B_30.00_0002-o.fits  588.307  2417.070  15.697  0.003  B  61152.9017421296  574
B_30.00_0330-o.fits  1839.832  1425.607  15.953  0.004  B  61153.0257871179  575
B_30.00_0330-o.fits  637.951  2444.597  15.668  0.003  B  61153.0257871179  576
B_30.00_0467-o.fits  1872.959  1419.545  15.944  0.003  B  61153.0924807177  577
B_30.00_0467-o.fits  669.786  2437.139  15.664  0.003  B  61153.0924807177  578
B_30.00_0339-o.fits  1842.626  1427.271  15.944  0.004  B  61153.0292879282  579
B_30.00_0339-o.fits  640.562  2446.072  15.657  0.003  B  61153.0292879282  580
B_30.00_0121-o.fits  1798.586  1412.236  15.951  0.004  B  61152.9459811226  581
B_30.00_0121-o.fits  598.029  2433.339  15.659  0.003  B  61152.9459811226  582
B_30.00_0217-o.fits  1815.873  1424.049  15.939  0.003  B  61152.982374398  583
B_30.00_0217-o.fits  614.632  2444.155  15.650  0.003  B  61152.982374398  584
B_30.00_0416-o.fits  1862.758  1424.590  15.964  0.004  B  61153.0635065855  585
B_30.00_0416-o.fits  660.221  2442.287  15.669  0.003  B  61153.0635065855  586
B_30.00_0377-o.fits  1851.869  1426.051  15.941  0.003  B  61153.0442175576  587
B_30.00_0377-o.fits  649.529  2444.725  15.649  0.003  B  61153.0442175576  588
B_30.00_0212-o.fits  1814.752  1423.925  15.969  0.004  B  61152.9803488543  589
B_30.00_0212-o.fits  613.628  2443.917  15.681  0.003  B  61152.9803488543  590
B_30.00_0206-o.fits  1814.145  1422.498  15.943  0.004  B  61152.9781475463  591
B_30.00_0206-o.fits  613.030  2442.725  15.648  0.003  B  61152.9781475463  592
B_30.00_0322-o.fits  1839.025  1427.636  15.943  0.004  B  61153.0226619099  593
B_30.00_0322-o.fits  637.318  2446.503  15.656  0.003  B  61153.0226619099  594
B_30.00_0138-o.fits  1800.979  1415.046  15.952  0.004  B  61152.9524255325  595
B_30.00_0138-o.fits  600.525  2435.687  15.653  0.003  B  61152.9524255325  596
B_30.00_0325-o.fits  1839.526  1426.620  15.940  0.003  B  61153.0239493982  597
B_30.00_0325-o.fits  637.520  2445.698  15.649  0.003  B  61153.0239493982  598
B_30.00_0358-o.fits  1847.035  1426.990  15.934  0.003  B  61153.036666933  599
B_30.00_0358-o.fits  644.891  2445.750  15.647  0.003  B  61153.036666933  600
B_30.00_0243-o.fits  1820.545  1424.591  15.972  0.004  B  61152.9923193748  601
B_30.00_0243-o.fits  618.900  2444.223  15.675  0.003  B  61152.9923193748  602
B_30.00_0082-o.fits  1793.792  1406.182  15.956  0.004  B  61152.9312834376  603
B_30.00_0082-o.fits  593.832  2427.531  15.657  0.003  B  61152.9312834376  604
B_30.00_0091-o.fits  1795.017  1407.481  15.954  0.004  B  61152.9347900348  605
B_30.00_0091-o.fits  594.926  2428.789  15.658  0.003  B  61152.9347900348  606
B_30.00_0355-o.fits  1846.845  1427.134  15.942  0.003  B  61153.0353615857  607
B_30.00_0355-o.fits  644.690  2445.909  15.656  0.003  B  61153.0353615857  608
B_30.00_0144-o.fits  1801.774  1416.032  15.971  0.004  B  61152.9546269444  609
B_30.00_0144-o.fits  601.210  2436.765  15.673  0.003  B  61152.9546269444  610
B_30.00_0207-o.fits  1813.954  1423.567  15.938  0.003  B  61152.9785145717  611
B_30.00_0207-o.fits  612.825  2443.687  15.645  0.003  B  61152.9785145717  612
B_30.00_0166-o.fits  1805.497  1418.879  15.949  0.004  B  61152.9628933216  613
B_30.00_0166-o.fits  604.757  2439.320  15.662  0.003  B  61152.9628933216  614
B_30.00_0171-o.fits  1806.844  1419.385  15.949  0.004  B  61152.9649190856  615
B_30.00_0171-o.fits  605.856  2439.911  15.654  0.003  B  61152.9649190856  616
B_30.00_0142-o.fits  1801.582  1415.520  15.944  0.004  B  61152.9538943288  617
B_30.00_0142-o.fits  600.952  2436.209  15.645  0.003  B  61152.9538943288  618
B_30.00_0072-o.fits  1792.745  1404.498  15.963  0.004  B  61152.9276153357  619
B_30.00_0072-o.fits  592.796  2425.961  15.669  0.003  B  61152.9276153357  620
B_30.00_0107-o.fits  1797.111  1410.207  15.948  0.004  B  61152.9408493866  621
B_30.00_0107-o.fits  596.891  2431.352  15.657  0.003  B  61152.9408493866  622
B_30.00_0388-o.fits  1854.987  1426.022  15.941  0.004  B  61153.0484563657  623
B_30.00_0388-o.fits  652.568  2444.557  15.655  0.003  B  61153.0484563657  624
B_30.00_0442-o.fits  1868.491  1421.744  15.950  0.004  B  61153.0783298262  625
B_30.00_0442-o.fits  665.728  2439.601  15.667  0.003  B  61153.0783298262  626
B_30.00_0313-o.fits  1837.441  1428.026  15.954  0.004  B  61153.019160382  627
B_30.00_0313-o.fits  635.493  2447.042  15.663  0.003  B  61153.019160382  628
B_30.00_0117-o.fits  1797.507  1412.808  15.954  0.004  B  61152.944513727  629
B_30.00_0117-o.fits  597.204  2433.716  15.667  0.003  B  61152.944513727  630
B_30.00_0104-o.fits  1796.763  1410.273  15.950  0.004  B  61152.939750162  631
B_30.00_0104-o.fits  596.499  2431.366  15.654  0.003  B  61152.939750162  632
B_30.00_0450-o.fits  1870.838  1422.096  15.952  0.004  B  61153.0828692592  633
B_30.00_0450-o.fits  667.786  2439.769  15.673  0.003  B  61153.0828692592  634
B_30.00_0400-o.fits  1858.088  1425.663  15.945  0.004  B  61153.0544623728  635
B_30.00_0400-o.fits  655.600  2444.032  15.663  0.003  B  61153.0544623728  636
B_30.00_0081-o.fits  1793.617  1406.149  15.960  0.004  B  61152.9309171066  637
B_30.00_0081-o.fits  593.626  2427.710  15.667  0.003  B  61152.9309171066  638
B_30.00_0283-o.fits  1830.212  1427.823  15.944  0.004  B  61153.0075862734  639
B_30.00_0283-o.fits  628.682  2447.102  15.653  0.003  B  61153.0075862734  640
B_30.00_0163-o.fits  1805.807  1417.513  15.940  0.003  B  61152.9617920252  641
B_30.00_0163-o.fits  605.006  2438.260  15.647  0.003  B  61152.9617920252  642
B_30.00_0384-o.fits  1854.148  1426.075  15.976  0.004  B  61153.0467866668  643
B_30.00_0384-o.fits  651.699  2444.823  15.687  0.003  B  61153.0467866668  644
B_30.00_0376-o.fits  1851.732  1426.737  15.938  0.003  B  61153.0436630901  645
B_30.00_0376-o.fits  649.370  2445.450  15.649  0.003  B  61153.0436630901  646
B_30.00_0452-o.fits  1869.669  1421.841  15.954  0.004  B  61153.0839976622  647
B_30.00_0452-o.fits  666.599  2439.496  15.671  0.003  B  61153.0839976622  648
B_30.00_0126-o.fits  1798.832  1413.552  15.943  0.004  B  61152.9480230901  649
B_30.00_0126-o.fits  598.583  2434.518  15.648  0.003  B  61152.9480230901  650
B_30.00_0057-o.fits  1791.556  1403.134  15.971  0.004  B  61152.9221153357  651
B_30.00_0057-o.fits  591.833  2424.731  15.680  0.003  B  61152.9221153357  652
B_30.00_0432-o.fits  1866.305  1423.806  15.957  0.004  B  61153.0726734838  653
B_30.00_0432-o.fits  663.518  2441.799  15.670  0.003  B  61153.0726734838  654
B_30.00_0278-o.fits  1828.294  1428.201  15.953  0.004  B  61153.0055496297  655
B_30.00_0278-o.fits  626.666  2447.489  15.658  0.003  B  61153.0055496297  656
B_30.00_0100-o.fits  1796.174  1409.653  15.948  0.004  B  61152.9380899305  657
B_30.00_0100-o.fits  595.950  2430.845  15.658  0.003  B  61152.9380899305  658
B_30.00_0004-o.fits  1787.373  1395.314  15.997  0.004  B  61152.9024763657  659
B_30.00_0004-o.fits  588.116  2417.478  15.700  0.003  B  61152.9024763657  660
B_30.00_0147-o.fits  1803.734  1416.266  15.953  0.004  B  61152.9559219098  661
B_30.00_0147-o.fits  603.031  2436.910  15.659  0.003  B  61152.9559219098  662
B_30.00_0338-o.fits  1842.272  1427.062  15.946  0.004  B  61153.028921227  663
B_30.00_0338-o.fits  640.090  2446.130  15.658  0.003  B  61153.028921227  664
B_30.00_0272-o.fits  1827.194  1426.145  15.942  0.003  B  61153.0033508334  665
B_30.00_0272-o.fits  625.750  2445.402  15.656  0.003  B  61153.0033508334  666
B_30.00_0408-o.fits  1860.810  1424.959  15.937  0.003  B  61153.0589941321  667
B_30.00_0408-o.fits  658.542  2442.937  15.655  0.003  B  61153.0589941321  668
B_30.00_0246-o.fits  1821.011  1425.346  15.951  0.004  B  61152.9934240044  669
B_30.00_0246-o.fits  619.594  2445.048  15.659  0.003  B  61152.9934240044  670
B_30.00_0314-o.fits  1837.487  1427.482  15.942  0.003  B  61153.0195265971  671
B_30.00_0314-o.fits  635.694  2446.517  15.655  0.003  B  61153.0195265971  672
B_30.00_0281-o.fits  1829.847  1427.603  15.940  0.003  B  61153.0068481946  673
B_30.00_0281-o.fits  628.219  2446.990  15.649  0.003  B  61153.0068481946  674
B_30.00_0368-o.fits  1847.341  1426.146  15.957  0.004  B  61153.040527639  675
B_30.00_0368-o.fits  645.128  2444.772  15.669  0.003  B  61153.040527639  676
B_30.00_0151-o.fits  1803.289  1417.001  15.944  0.004  B  61152.957391331  677
B_30.00_0151-o.fits  602.689  2437.717  15.645  0.003  B  61152.957391331  678
B_30.00_0344-o.fits  1843.016  1426.973  15.968  0.004  B  61153.0311206132  679
B_30.00_0344-o.fits  640.734  2446.032  15.681  0.003  B  61153.0311206132  680
B_30.00_0118-o.fits  1798.150  1412.560  15.952  0.004  B  61152.9448810187  681
B_30.00_0118-o.fits  597.762  2433.599  15.652  0.003  B  61152.9448810187  682
B_30.00_0141-o.fits  1801.394  1414.899  15.939  0.003  B  61152.9535272685  683
B_30.00_0141-o.fits  600.776  2435.610  15.650  0.003  B  61152.9535272685  684
B_30.00_0128-o.fits  1800.069  1413.520  15.944  0.004  B  61152.9487575232  685
B_30.00_0128-o.fits  599.451  2434.618  15.652  0.003  B  61152.9487575232  686
B_30.00_0235-o.fits  1819.679  1424.855  15.944  0.004  B  61152.9891852429  687
B_30.00_0235-o.fits  618.214  2444.760  15.650  0.003  B  61152.9891852429  688
B_30.00_0486-o.fits  1876.227  1418.602  15.951  0.004  B  61153.1032371875  689
B_30.00_0486-o.fits  672.941  2435.989  15.667  0.003  B  61153.1032371875  690
B_30.00_0466-o.fits  1872.569  1419.445  15.944  0.003  B  61153.0919108912  691
B_30.00_0466-o.fits  669.271  2436.991  15.658  0.003  B  61153.0919108912  692
B_30.00_0037-o.fits  1789.760  1400.657  15.969  0.004  B  61152.9145764005  693
B_30.00_0037-o.fits  590.040  2422.381  15.681  0.003  B  61152.9145764005  694
B_30.00_0345-o.fits  1844.453  1425.632  15.949  0.004  B  61153.0316885877  695
B_30.00_0345-o.fits  642.370  2444.331  15.662  0.003  B  61153.0316885877  696
B_30.00_0258-o.fits  1824.165  1426.683  15.942  0.003  B  61152.998030162  697
B_30.00_0258-o.fits  622.784  2446.094  15.648  0.003  B  61152.998030162  698
B_30.00_0240-o.fits  1821.119  1425.755  15.952  0.004  B  61152.9910189584  699
B_30.00_0240-o.fits  619.654  2445.626  15.661  0.003  B  61152.9910189584  700
B_30.00_0035-o.fits  1788.939  1400.497  15.975  0.004  B  61152.9138442362  701
B_30.00_0035-o.fits  589.273  2422.313  15.681  0.003  B  61152.9138442362  702
B_30.00_0127-o.fits  1799.323  1414.377  15.947  0.004  B  61152.9483904978  703
B_30.00_0127-o.fits  598.835  2435.351  15.656  0.003  B  61152.9483904978  704
B_30.00_0036-o.fits  1789.083  1400.743  15.974  0.004  B  61152.9142104979  705
B_30.00_0036-o.fits  589.492  2422.470  15.679  0.003  B  61152.9142104979  706
B_30.00_0303-o.fits  1835.242  1427.730  15.955  0.004  B  61153.0153134027  707
B_30.00_0303-o.fits  633.323  2446.970  15.665  0.003  B  61153.0153134027  708
B_30.00_0411-o.fits  1861.466  1425.354  15.953  0.004  B  61153.0606829859  709
B_30.00_0411-o.fits  658.909  2443.712  15.665  0.003  B  61153.0606829859  710
B_30.00_0083-o.fits  1793.780  1406.866  15.950  0.004  B  61152.9316489701  711
B_30.00_0083-o.fits  593.804  2428.184  15.657  0.003  B  61152.9316489701  712
B_30.00_0131-o.fits  1799.929  1413.967  15.944  0.004  B  61152.9498582291  713
B_30.00_0131-o.fits  599.457  2434.825  15.648  0.003  B  61152.9498582291  714
B_30.00_0308-o.fits  1836.037  1426.698  15.948  0.004  B  61153.0173239005  715
B_30.00_0308-o.fits  634.161  2445.976  15.662  0.003  B  61153.0173239005  716
B_30.00_0024-o.fits  1788.757  1398.236  15.982  0.004  B  61152.9098084955  717
B_30.00_0024-o.fits  589.154  2420.083  15.689  0.003  B  61152.9098084955  718
B_30.00_0409-o.fits  1861.212  1425.464  15.939  0.003  B  61153.0595650463  719
B_30.00_0409-o.fits  658.742  2443.606  15.653  0.003  B  61153.0595650463  720
B_30.00_0359-o.fits  1847.147  1427.687  15.942  0.003  B  61153.0370333795  721
B_30.00_0359-o.fits  644.997  2446.377  15.656  0.003  B  61153.0370333795  722
B_30.00_0245-o.fits  1820.436  1425.081  15.957  0.004  B  61152.9930573958  723
B_30.00_0245-o.fits  618.926  2444.650  15.665  0.003  B  61152.9930573958  724
B_30.00_0437-o.fits  1867.371  1422.021  15.955  0.004  B  61153.0755085764  725
B_30.00_0437-o.fits  664.579  2439.866  15.667  0.003  B  61153.0755085764  726
B_30.00_0326-o.fits  1838.906  1427.318  15.954  0.004  B  61153.0243197684  727
B_30.00_0326-o.fits  636.914  2446.208  15.671  0.003  B  61153.0243197684  728
B_30.00_0162-o.fits  1805.715  1417.746  15.944  0.003  B  61152.9614253473  729
B_30.00_0162-o.fits  605.100  2438.073  15.646  0.003  B  61152.9614253473  730
B_30.00_0137-o.fits  1800.929  1414.331  15.945  0.004  B  61152.9520578934  731
B_30.00_0137-o.fits  600.447  2435.163  15.647  0.003  B  61152.9520578934  732
B_30.00_0449-o.fits  1870.305  1422.079  15.954  0.004  B  61153.0823006597  733
B_30.00_0449-o.fits  586.649  2455.598  19.861  0.032  B  61153.0823006597  734
B_30.00_0463-o.fits  1871.425  1420.350  15.944  0.004  B  61153.0902148844  735
B_30.00_0463-o.fits  668.219  2438.104  15.663  0.003  B  61153.0902148844  736
B_30.00_0300-o.fits  1834.549  1426.952  15.950  0.004  B  61153.0142132407  737
B_30.00_0300-o.fits  632.653  2446.237  15.663  0.003  B  61153.0142132407  738
B_30.00_0125-o.fits  1798.932  1412.897  15.949  0.004  B  61152.9476564005  739
B_30.00_0125-o.fits  598.544  2433.948  15.652  0.003  B  61152.9476564005  740
B_30.00_0190-o.fits  1810.902  1421.112  15.944  0.003  B  61152.9720863542  741
B_30.00_0190-o.fits  609.899  2441.372  15.645  0.003  B  61152.9720863542  742
B_30.00_0158-o.fits  1804.158  1417.831  15.951  0.004  B  61152.9599599419  743
B_30.00_0158-o.fits  603.329  2438.474  15.651  0.003  B  61152.9599599419  744
B_30.00_0253-o.fits  1822.663  1426.079  15.935  0.003  B  61152.9959920486  745
B_30.00_0253-o.fits  621.226  2445.817  15.642  0.003  B  61152.9959920486  746
B_30.00_0172-o.fits  1806.878  1419.433  15.936  0.003  B  61152.9652855787  747
B_30.00_0172-o.fits  605.972  2440.056  15.646  0.003  B  61152.9652855787  748
B_30.00_0237-o.fits  1820.449  1425.618  15.958  0.004  B  61152.98991956  749
B_30.00_0237-o.fits  619.128  2445.346  15.661  0.003  B  61152.98991956  750
B_30.00_0154-o.fits  1803.415  1416.191  15.945  0.004  B  61152.9584917361  751
B_30.00_0154-o.fits  602.762  2436.694  15.650  0.003  B  61152.9584917361  752
B_30.00_0168-o.fits  1806.405  1418.944  15.948  0.004  B  61152.963819236  753
B_30.00_0168-o.fits  605.530  2439.523  15.659  0.003  B  61152.963819236  754
B_30.00_0167-o.fits  1805.706  1419.163  15.963  0.004  B  61152.9634490162  755
B_30.00_0167-o.fits  604.850  2439.759  15.662  0.003  B  61152.9634490162  756
B_30.00_0266-o.fits  1825.700  1426.916  15.941  0.003  B  61153.0009609489  757
B_30.00_0266-o.fits  624.024  2446.479  15.654  0.003  B  61153.0009609489  758
B_30.00_0066-o.fits  1792.255  1406.016  15.961  0.004  B  61152.9254142707  759
B_30.00_0066-o.fits  592.296  2427.424  15.666  0.003  B  61152.9254142707  760
B_30.00_0101-o.fits  1796.297  1409.517  15.951  0.004  B  61152.9386460301  761
B_30.00_0101-o.fits  595.961  2430.730  15.658  0.003  B  61152.9386460301  762
B_30.00_0444-o.fits  1868.469  1421.658  15.948  0.004  B  61153.079467766  763
B_30.00_0444-o.fits  665.513  2439.668  15.667  0.003  B  61153.079467766  764
B_30.00_0210-o.fits  1814.650  1423.956  15.952  0.004  B  61152.9796155207  765
B_30.00_0210-o.fits  613.561  2443.846  15.668  0.003  B  61152.9796155207  766
B_30.00_0274-o.fits  1827.801  1427.173  15.946  0.003  B  61153.0040842476  767
B_30.00_0274-o.fits  626.259  2446.503  15.652  0.003  B  61153.0040842476  768
B_30.00_0094-o.fits  1795.707  1409.044  15.957  0.004  B  61152.9358887267  769
B_30.00_0094-o.fits  595.659  2430.258  15.652  0.003  B  61152.9358887267  770
B_30.00_0320-o.fits  1838.788  1427.565  15.955  0.004  B  61153.0219285996  771
B_30.00_0320-o.fits  636.783  2446.654  15.665  0.003  B  61153.0219285996  772
B_30.00_0420-o.fits  1863.566  1423.316  15.939  0.003  B  61153.0658663544  773
B_30.00_0420-o.fits  660.776  2441.530  15.659  0.003  B  61153.0658663544  774
B_30.00_0233-o.fits  1819.089  1424.343  15.941  0.004  B  61152.9884503474  775
B_30.00_0233-o.fits  617.937  2444.157  15.648  0.003  B  61152.9884503474  776
B_30.00_0288-o.fits  1831.283  1427.490  15.951  0.004  B  61153.0094190971  777
B_30.00_0288-o.fits  629.638  2446.831  15.659  0.003  B  61153.0094190971  778
B_30.00_0247-o.fits  1821.555  1425.433  15.941  0.003  B  61152.9937903937  779
B_30.00_0247-o.fits  620.008  2445.212  15.648  0.003  B  61152.9937903937  780
B_30.00_0222-o.fits  1816.730  1425.014  15.951  0.004  B  61152.9842082523  781
B_30.00_0222-o.fits  615.666  2444.769  15.655  0.003  B  61152.9842082523  782
B_30.00_0129-o.fits  1799.877  1413.821  15.946  0.004  B  61152.949124896  783
B_30.00_0129-o.fits  599.568  2434.760  15.653  0.003  B  61152.949124896  784
B_30.00_0175-o.fits  1807.784  1420.151  15.943  0.003  B  61152.966386389  785
B_30.00_0175-o.fits  606.824  2440.511  15.646  0.003  B  61152.966386389  786
B_30.00_0324-o.fits  1839.217  1426.617  15.943  0.004  B  61153.023394838  787
B_30.00_0324-o.fits  637.187  2445.579  15.657  0.003  B  61153.023394838  788
B_30.00_0064-o.fits  1791.720  1404.948  15.962  0.004  B  61152.9246807061  789
B_30.00_0064-o.fits  591.824  2426.493  15.674  0.003  B  61152.9246807061  790
B_30.00_0058-o.fits  1791.648  1403.637  15.976  0.004  B  61152.922482118  791
B_30.00_0058-o.fits  591.985  2425.063  15.673  0.003  B  61152.922482118  792
B_30.00_0465-o.fits  1872.458  1420.139  15.942  0.003  B  61153.09134353  793
B_30.00_0465-o.fits  669.428  2437.513  15.665  0.003  B  61153.09134353  794
B_30.00_0262-o.fits  1824.755  1426.998  15.937  0.003  B  61152.9994948958  795
B_30.00_0262-o.fits  623.261  2446.467  15.639  0.003  B  61152.9994948958  796
B_30.00_0192-o.fits  1810.421  1421.584  15.934  0.003  B  61152.9728205325  797
B_30.00_0192-o.fits  609.502  2441.748  15.643  0.003  B  61152.9728205325  798
B_30.00_0054-o.fits  1790.507  1403.506  15.968  0.004  B  61152.9210158219  799
B_30.00_0054-o.fits  590.825  2424.993  15.679  0.003  B  61152.9210158219  800
B_30.00_0197-o.fits  1811.580  1421.259  15.944  0.004  B  61152.9746567709  801
B_30.00_0197-o.fits  610.491  2441.547  15.646  0.003  B  61152.9746567709  802
B_30.00_0458-o.fits  1870.913  1421.365  15.950  0.004  B  61153.0873921989  803
B_30.00_0458-o.fits  667.884  2439.105  15.669  0.003  B  61153.0873921989  804
B_30.00_0203-o.fits  1813.231  1422.349  15.948  0.004  B  61152.9770469214  805
B_30.00_0203-o.fits  612.203  2442.485  15.650  0.003  B  61152.9770469214  806
B_30.00_0362-o.fits  1847.696  1426.198  15.934  0.003  B  61153.0383265973  807
B_30.00_0362-o.fits  645.567  2444.679  15.649  0.003  B  61153.0383265973  808
B_30.00_0178-o.fits  1808.309  1419.791  15.941  0.003  B  61152.9674867014  809
B_30.00_0178-o.fits  607.489  2440.094  15.648  0.003  B  61152.9674867014  810
B_30.00_0289-o.fits  1831.802  1427.302  15.944  0.003  B  61153.0097846529  811
B_30.00_0289-o.fits  630.053  2446.574  15.655  0.003  B  61153.0097846529  812
B_30.00_0286-o.fits  1830.863  1427.598  15.956  0.004  B  61153.0086866203  813
B_30.00_0286-o.fits  629.195  2446.976  15.666  0.003  B  61153.0086866203  814
B_30.00_0071-o.fits  1792.398  1405.001  15.961  0.004  B  61152.9272484723  815
B_30.00_0071-o.fits  592.513  2426.510  15.672  0.003  B  61152.9272484723  816
B_30.00_0143-o.fits  1801.578  1416.042  15.949  0.004  B  61152.9542605672  817
B_30.00_0143-o.fits  600.874  2436.708  15.654  0.003  B  61152.9542605672  818
B_30.00_0220-o.fits  1816.276  1424.261  15.945  0.004  B  61152.9834744791  819
B_30.00_0220-o.fits  615.081  2444.218  15.653  0.003  B  61152.9834744791  820
B_30.00_0323-o.fits  1838.671  1426.897  15.946  0.004  B  61153.0230279053  821
B_30.00_0323-o.fits  636.724  2445.977  15.654  0.003  B  61153.0230279053  822
B_30.00_0013-o.fits  1788.344  1397.340  15.994  0.004  B  61152.9057773957  823
B_30.00_0013-o.fits  588.789  2419.200  15.700  0.003  B  61152.9057773957  824
B_30.00_0436-o.fits  1867.413  1422.636  15.952  0.004  B  61153.0749383913  825
B_30.00_0436-o.fits  664.487  2440.702  15.667  0.003  B  61153.0749383913  826
B_30.00_0433-o.fits  1866.467  1423.185  15.941  0.003  B  61153.0732421642  827
B_30.00_0433-o.fits  663.664  2441.183  15.659  0.003  B  61153.0732421642  828
B_30.00_0316-o.fits  1837.847  1427.355  15.936  0.003  B  61153.0202596644  829
B_30.00_0316-o.fits  635.880  2446.495  15.646  0.003  B  61153.0202596644  830
B_30.00_0347-o.fits  1843.429  1426.414  15.947  0.004  B  61153.0324265971  831
B_30.00_0347-o.fits  641.389  2445.041  15.659  0.003  B  61153.0324265971  832
B_30.00_0310-o.fits  1836.325  1427.073  15.965  0.004  B  61153.0180608798  833
B_30.00_0310-o.fits  634.303  2446.245  15.671  0.003  B  61153.0180608798  834
B_30.00_0277-o.fits  1828.078  1427.518  15.932  0.003  B  61153.0051847915  835
B_30.00_0277-o.fits  626.416  2446.961  15.643  0.003  B  61153.0051847915  836
B_30.00_0228-o.fits  1817.764  1424.004  15.943  0.004  B  61152.9864090858  837
B_30.00_0228-o.fits  616.417  2443.991  15.648  0.003  B  61152.9864090858  838
B_30.00_0394-o.fits  1855.537  1425.405  15.956  0.004  B  61153.0510464585  839
B_30.00_0394-o.fits  653.068  2443.851  15.668  0.003  B  61153.0510464585  840
B_30.00_0022-o.fits  1788.417  1398.659  15.988  0.004  B  61152.9090753123  841
B_30.00_0022-o.fits  588.989  2420.681  15.692  0.003  B  61152.9090753123  842
B_30.00_0209-o.fits  1814.712  1424.682  15.978  0.004  B  61152.9792495947  843
B_30.00_0209-o.fits  613.515  2444.724  15.685  0.003  B  61152.9792495947  844
B_30.00_0219-o.fits  1816.513  1424.255  15.944  0.004  B  61152.9831076041  845
B_30.00_0219-o.fits  615.431  2444.282  15.654  0.003  B  61152.9831076041  846
B_30.00_0194-o.fits  1811.174  1421.375  15.936  0.003  B  61152.9735550927  847
B_30.00_0194-o.fits  610.142  2441.574  15.644  0.003  B  61152.9735550927  848
B_30.00_0260-o.fits  1823.583  1426.443  15.927  0.003  B  61152.9987630788  849
B_30.00_0260-o.fits  622.054  2446.014  15.637  0.003  B  61152.9987630788  850
B_30.00_0221-o.fits  1816.366  1424.681  15.947  0.004  B  61152.9838407175  851
B_30.00_0221-o.fits  615.266  2444.484  15.655  0.003  B  61152.9838407175  852
B_30.00_0370-o.fits  1849.768  1427.701  15.947  0.004  B  61153.0414612154  853
B_30.00_0370-o.fits  647.501  2446.335  15.661  0.003  B  61153.0414612154  854
B_30.00_0055-o.fits  1791.029  1403.188  15.962  0.004  B  61152.9213820025  855
B_30.00_0055-o.fits  591.278  2424.918  15.673  0.003  B  61152.9213820025  856
B_30.00_0070-o.fits  1792.068  1405.605  15.954  0.004  B  61152.9268816435  857
B_30.00_0070-o.fits  592.173  2426.907  15.663  0.003  B  61152.9268816435  858
B_30.00_0264-o.fits  1825.422  1426.536  15.938  0.003  B  61153.0002263775  859
B_30.00_0264-o.fits  623.847  2446.148  15.649  0.003  B  61153.0002263775  860
B_30.00_0179-o.fits  1808.262  1419.827  15.946  0.004  B  61152.967853148  861
B_30.00_0179-o.fits  607.447  2440.109  15.652  0.003  B  61152.967853148  862
B_30.00_0273-o.fits  1827.534  1426.865  15.946  0.004  B  61153.003717639  863
B_30.00_0273-o.fits  625.913  2446.229  15.654  0.003  B  61153.003717639  864
B_30.00_0060-o.fits  1791.549  1404.263  15.961  0.004  B  61152.9232148379  865
B_30.00_0060-o.fits  591.681  2425.885  15.674  0.003  B  61152.9232148379  866
B_30.00_0311-o.fits  1836.157  1428.770  15.955  0.004  B  61153.018426551  867
B_30.00_0311-o.fits  634.130  2448.154  15.663  0.003  B  61153.018426551  868
B_30.00_0092-o.fits  1795.006  1407.672  15.952  0.004  B  61152.9351561111  869
B_30.00_0092-o.fits  595.021  2429.004  15.656  0.003  B  61152.9351561111  870
B_30.00_0401-o.fits  1858.519  1425.616  15.943  0.004  B  61153.0550324768  871
B_30.00_0401-o.fits  655.940  2444.085  15.663  0.003  B  61153.0550324768  872
B_30.00_0473-o.fits  1873.843  1419.420  15.942  0.003  B  61153.0958612384  873
B_30.00_0473-o.fits  670.570  2437.178  15.662  0.003  B  61153.0958612384  874
B_30.00_0148-o.fits  1803.300  1416.639  15.946  0.004  B  61152.9562918521  875
B_30.00_0148-o.fits  602.544  2437.246  15.653  0.003  B  61152.9562918521  876
B_30.00_0448-o.fits  1870.569  1422.323  15.952  0.004  B  61153.0817329283  877
B_30.00_0448-o.fits  667.375  2440.349  15.670  0.003  B  61153.0817329283  878
B_30.00_0010-o.fits  1788.307  1396.523  15.997  0.004  B  61152.9046774651  879
B_30.00_0010-o.fits  588.695  2418.406  15.703  0.003  B  61152.9046774651  880
B_30.00_0469-o.fits  1873.512  1419.784  15.941  0.003  B  61153.093608669  881
B_30.00_0469-o.fits  670.387  2437.221  15.660  0.003  B  61153.093608669  882
B_30.00_0227-o.fits  1817.572  1424.177  15.945  0.004  B  61152.9860428935  883
B_30.00_0227-o.fits  616.182  2444.158  15.649  0.003  B  61152.9860428935  884
B_30.00_0026-o.fits  1789.106  1399.160  15.977  0.004  B  61152.9105415973  885
B_30.00_0026-o.fits  589.497  2420.958  15.683  0.003  B  61152.9105415973  886
B_30.00_0309-o.fits  1836.181  1426.561  15.964  0.004  B  61153.0176943289  887
B_30.00_0309-o.fits  634.286  2445.633  15.667  0.003  B  61153.0176943289  888
B_30.00_0230-o.fits  1819.230  1423.374  15.943  0.004  B  61152.9873442245  889
B_30.00_0230-o.fits  617.992  2443.216  15.655  0.003  B  61152.9873442245  890
B_30.00_0110-o.fits  1797.423  1410.328  15.942  0.004  B  61152.9419476851  891
B_30.00_0110-o.fits  597.011  2431.339  15.654  0.003  B  61152.9419476851  892
B_30.00_0270-o.fits  1826.882  1426.752  15.944  0.004  B  61153.0026178588  893
B_30.00_0270-o.fits  625.332  2445.961  15.656  0.003  B  61153.0026178588  894
B_30.00_0295-o.fits  1833.585  1427.240  15.948  0.004  B  61153.012189595  895
B_30.00_0295-o.fits  631.912  2446.401  15.662  0.003  B  61153.012189595  896
B_30.00_0391-o.fits  1855.254  1425.245  15.942  0.004  B  61153.0495565278  897
B_30.00_0391-o.fits  652.818  2443.823  15.658  0.003  B  61153.0495565278  898
B_30.00_0265-o.fits  1825.489  1427.387  15.939  0.003  B  61153.0005928124  899
B_30.00_0265-o.fits  624.039  2447.102  15.645  0.003  B  61153.0005928124  900
B_30.00_0116-o.fits  1797.840  1411.828  15.965  0.004  B  61152.944147361  901
B_30.00_0116-o.fits  597.426  2432.840  15.680  0.003  B  61152.944147361  902
B_30.00_0196-o.fits  1811.318  1421.470  15.939  0.003  B  61152.9742889581  903
B_30.00_0196-o.fits  610.217  2441.850  15.649  0.003  B  61152.9742889581  904
B_30.00_0106-o.fits  1796.903  1410.783  15.951  0.004  B  61152.9404829512  905
B_30.00_0106-o.fits  596.682  2431.714  15.662  0.003  B  61152.9404829512  906
B_30.00_0052-o.fits  1790.869  1402.304  15.971  0.004  B  61152.9202832174  907
B_30.00_0052-o.fits  591.043  2423.884  15.680  0.003  B  61152.9202832174  908
B_30.00_0439-o.fits  1867.891  1422.397  15.948  0.004  B  61153.076625926  909
B_30.00_0439-o.fits  664.878  2440.361  15.663  0.003  B  61153.076625926  910
B_30.00_0383-o.fits  1853.588  1426.624  15.944  0.004  B  61153.0464203702  911
B_30.00_0383-o.fits  651.247  2445.124  15.656  0.003  B  61153.0464203702  912
B_30.00_0302-o.fits  1834.922  1427.194  15.960  0.004  B  61153.0149465855  913
B_30.00_0302-o.fits  632.826  2446.766  15.668  0.003  B  61153.0149465855  914
B_30.00_0280-o.fits  1829.598  1427.245  15.948  0.004  B  61153.0062820138  915
B_30.00_0280-o.fits  627.880  2446.638  15.654  0.003  B  61153.0062820138  916
B_30.00_0249-o.fits  1821.897  1425.997  15.939  0.003  B  61152.9945244677  917
B_30.00_0249-o.fits  620.337  2445.767  15.646  0.003  B  61152.9945244677  918
B_30.00_0357-o.fits  1847.585  1426.863  15.941  0.004  B  61153.0362999188  919
B_30.00_0357-o.fits  645.421  2445.634  15.655  0.003  B  61153.0362999188  920
B_30.00_0003-o.fits  1787.572  1395.157  15.992  0.004  B  61152.9021092709  921
B_30.00_0003-o.fits  588.135  2417.291  15.694  0.003  B  61152.9021092709  922
B_30.00_0284-o.fits  1830.339  1427.896  15.942  0.003  B  61153.0079530557  923
B_30.00_0284-o.fits  628.750  2447.084  15.654  0.003  B  61153.0079530557  924
B_30.00_0102-o.fits  1796.680  1409.654  15.954  0.004  B  61152.9390159375  925
B_30.00_0102-o.fits  596.276  2430.754  15.652  0.003  B  61152.9390159375  926
B_30.00_0063-o.fits  1791.017  1404.562  15.961  0.004  B  61152.9243138428  927
B_30.00_0063-o.fits  591.180  2426.152  15.668  0.003  B  61152.9243138428  928
B_30.00_0342-o.fits  1843.143  1426.208  15.948  0.004  B  61153.0303875464  929
B_30.00_0342-o.fits  641.024  2445.022  15.660  0.003  B  61153.0303875464  930
B_30.00_0007-o.fits  1787.002  1396.198  16.017  0.004  B  61152.9035763773  931
B_30.00_0007-o.fits  587.652  2418.229  15.726  0.003  B  61152.9035763773  932
B_30.00_0169-o.fits  1806.345  1418.755  15.950  0.004  B  61152.9641859606  933
B_30.00_0169-o.fits  605.490  2439.227  15.649  0.003  B  61152.9641859606  934
B_30.00_0317-o.fits  1838.378  1427.638  15.945  0.004  B  61153.0206257985  935
B_30.00_0317-o.fits  636.407  2446.634  15.653  0.003  B  61153.0206257985  936
B_30.00_0032-o.fits  1789.053  1399.505  15.976  0.004  B  61152.9127430557  937
B_30.00_0032-o.fits  589.469  2421.318  15.682  0.003  B  61152.9127430557  938
B_30.00_0214-o.fits  1815.105  1424.416  15.955  0.004  B  61152.9810830555  939
B_30.00_0214-o.fits  614.005  2444.332  15.663  0.003  B  61152.9810830555  940
B_30.00_0093-o.fits  1795.011  1407.732  15.957  0.004  B  61152.9355224073  941
B_30.00_0093-o.fits  595.061  2429.232  15.672  0.003  B  61152.9355224073  942
B_30.00_0366-o.fits  1847.944  1426.333  15.959  0.004  B  61153.0397946294  943
B_30.00_0366-o.fits  645.619  2445.015  15.670  0.003  B  61153.0397946294  944
B_30.00_0462-o.fits  1870.905  1420.645  15.943  0.003  B  61153.0896462039  945
B_30.00_0462-o.fits  667.729  2438.199  15.661  0.003  B  61153.0896462039  946
B_30.00_0434-o.fits  1867.243  1423.274  15.952  0.004  B  61153.0738003473  947
B_30.00_0434-o.fits  664.283  2441.651  15.674  0.003  B  61153.0738003473  948
B_30.00_0042-o.fits  1790.205  1401.193  15.983  0.004  B  61152.9164093169  949
B_30.00_0042-o.fits  590.619  2422.807  15.688  0.003  B  61152.9164093169  950
B_30.00_0069-o.fits  1792.077  1405.993  15.956  0.004  B  61152.9265137035  951
B_30.00_0069-o.fits  592.291  2427.393  15.669  0.003  B  61152.9265137035  952
B_30.00_0089-o.fits  1795.437  1407.559  15.956  0.004  B  61152.9340546643  953
B_30.00_0089-o.fits  595.321  2428.736  15.670  0.003  B  61152.9340546643  954
B_30.00_0480-o.fits  1822.098  1422.794  25.328  2.522  B  61153.0998343285  955
B_30.00_0480-o.fits  588.999  2451.285  20.416  0.043  B  61153.0998343285  956
B_30.00_0373-o.fits  1850.259  1426.931  15.941  0.003  B  61153.0425631017  957
B_30.00_0373-o.fits  647.873  2445.672  15.654  0.003  B  61153.0425631017  958
B_30.00_0299-o.fits  1833.827  1427.094  15.961  0.004  B  61153.0138424537  959
B_30.00_0299-o.fits  632.071  2446.391  15.669  0.003  B  61153.0138424537  960
B_30.00_0174-o.fits  1807.471  1419.981  15.941  0.003  B  61152.9660197338  961
B_30.00_0174-o.fits  606.535  2440.589  15.648  0.003  B  61152.9660197338  962
B_30.00_0051-o.fits  1790.585  1402.829  15.974  0.004  B  61152.9199162037  963
B_30.00_0051-o.fits  590.686  2424.620  15.681  0.003  B  61152.9199162037  964
B_30.00_0011-o.fits  1787.889  1396.973  15.992  0.004  B  61152.9050440276  965
B_30.00_0011-o.fits  588.378  2418.997  15.709  0.003  B  61152.9050440276  966
B_30.00_0470-o.fits  1873.884  1419.891  15.936  0.003  B  61153.0941669792  967
B_30.00_0470-o.fits  670.425  2437.675  15.656  0.003  B  61153.0941669792  968
B_30.00_0382-o.fits  1853.225  1427.146  15.939  0.004  B  61153.0460537383  969
B_30.00_0382-o.fits  650.865  2445.696  15.657  0.003  B  61153.0460537383  970
B_30.00_0354-o.fits  1846.218  1427.447  15.951  0.004  B  61153.0349948034  971
B_30.00_0354-o.fits  644.061  2446.202  15.658  0.003  B  61153.0349948034  972
B_30.00_0426-o.fits  1863.764  1424.492  15.945  0.004  B  61153.0692805094  973
B_30.00_0426-o.fits  661.171  2442.656  15.662  0.003  B  61153.0692805094  974
